100
2 3
1 2
1 2
3 3
1 2
2 3
2 2
3 3
1 1
2 2
1 2
100 100
91 99
49 93
12 18
62 67
87 91
8 28
19 69
4 35
84 93
80 96
43 83
12 51
73 97
50 54
29 88
68 95
65 66
1 51
46 46
34 97
8 58
49 79
25 47
65 88
50 55
27 88
25 40
26 32
14 89
18 65
2 5
17 80
24 96
76 97
33 70
1 39
92 97
20 23
45 91
19 75
49 95
34 35
7 42
25 69
47 100
19 82
66 99
58 93
76 94
51 56
8 25
23 59
11 61
19 28
63 82
10 36
76 90
29 88
31 73
96 98
3 78
20 55
8 99
38 58
46 70
13 56
26 70
15 93
39 47
75 84
36 41
38 38
13 43
3 29
20 59
11 84
4 79
6 96
4 87
12 62
58 87
7 42
37 98
13 16
73 79
40 60
11 69
31 40
68 86
54 83
18 54
28 69
43 59
20 82
21 42
44 66
9 20
20 82
22 78
70 86
100 100
22 30
19 76
85 95
64 78
6 53
22 67
28 28
9 31
80 95
84 90
70 91
69 75
50 99
71 100
34 48
17 23
39 43
19 91
23 61
27 43
17 28
13 62
18 81
39 51
10 34
47 49
14 21
65 99
21 60
42 82
42 72
8 63
78 93
66 79
24 92
62 67
17 58
2 72
17 34
8 58
37 71
5 7
12 13
5 58
76 99
31 32
60 83
24 39
8 60
2 24
57 82
15 95
11 12
29 84
45 63
7 56
38 80
39 81
48 83
14 92
40 77
28 66
20 78
17 83
3 68
28 89
25 96
61 62
17 48
18 86
52 57
1 28
86 89
89 96
54 62
34 85
69 76
59 60
14 91
62 86
45 95
36 95
53 73
45 59
83 100
35 94
16 58
68 88
9 52
1 1
14 79
78 95
43 63
9 21
13 24
50 74
39 73
2 70
68 88
63 78
100 100
8 9
72 73
99 100
65 66
94 95
55 56
97 98
96 97
45 46
95 96
93 94
60 61
80 81
42 43
58 59
1 2
75 76
21 22
32 33
16 17
82 83
12 13
83 84
57 58
78 79
64 65
91 92
90 91
24 25
33 34
49 50
46 47
89 90
63 64
29 30
7 8
67 68
39 40
86 87
26 27
50 51
76 77
14 15
74 75
34 35
44 45
23 24
9 10
70 71
56 57
69 70
79 80
15 16
73 74
61 62
13 14
77 78
54 55
59 60
87 88
10 11
36 37
85 86
71 72
52 53
51 52
98 99
17 18
37 38
68 69
38 39
11 12
43 44
18 19
53 54
1 100
6 7
31 32
35 36
41 42
5 6
19 20
48 49
20 21
4 5
62 63
3 4
66 67
27 28
92 93
30 31
81 82
40 41
84 85
25 26
22 23
2 3
28 29
47 48
88 89
100 14
7 11
8 10
8 11
9 10
5 14
9 9
1 12
2 4
8 13
9 14
3 14
7 10
5 9
1 11
6 8
4 10
6 8
1 9
10 13
4 14
4 11
5 11
6 12
4 11
2 11
1 14
7 13
2 10
9 12
10 12
1 4
2 3
11 14
3 12
2 2
3 4
6 6
1 13
7 14
1 9
2 12
4 9
11 13
5 7
3 7
2 14
2 7
2 7
5 12
4 14
3 13
2 11
9 11
3 9
2 6
7 14
2 8
7 9
5 6
3 12
1 12
1 3
4 12
3 4
5 11
12 13
1 4
3 7
2 14
7 9
2 13
1 2
5 14
2 4
4 8
12 14
1 6
1 2
5 9
4 13
5 12
5 7
3 10
4 12
3 6
8 11
2 10
1 11
2 9
9 14
11 14
10 12
8 8
3 13
7 12
4 6
7 11
6 7
3 6
1 14
100 17
14 16
11 12
6 16
7 17
1 2
2 13
4 12
2 14
10 14
3 4
10 11
11 16
2 3
6 11
15 16
7 14
8 16
6 14
3 3
8 13
3 5
9 17
3 9
3 14
7 10
2 10
2 10
5 14
5 9
4 9
13 15
3 7
1 6
3 13
14 16
3 12
1 11
6 14
11 17
3 10
3 8
8 16
11 14
1 8
5 13
2 8
9 16
9 13
5 16
9 16
4 13
10 17
11 13
10 14
2 6
1 13
5 11
1 13
11 12
3 15
12 14
1 6
10 10
7 16
11 14
3 10
5 9
11 11
11 16
4 6
5 13
10 16
9 15
1 5
6 10
3 14
7 12
7 14
5 5
8 17
7 13
12 17
1 3
6 10
10 16
12 17
4 15
12 14
12 15
11 13
2 16
7 15
5 14
6 17
7 9
4 6
10 12
13 15
4 13
1 12
60 28
7 21
1 10
5 20
25 28
10 23
17 20
14 25
18 23
9 25
6 27
17 27
5 12
6 28
20 24
14 20
5 23
9 11
1 8
10 17
4 9
1 9
7 21
18 27
20 27
15 28
4 26
17 27
5 26
6 25
4 11
6 8
19 23
14 27
19 28
12 13
3 4
8 25
5 23
10 10
19 21
6 24
23 27
3 20
5 18
3 5
9 14
6 26
2 7
6 26
15 15
3 16
22 28
19 27
2 4
2 13
16 27
4 15
20 22
3 5
7 11
100 100
2 8
1 81
2 24
2 44
1 33
2 70
1 21
1 59
1 89
1 9
2 16
2 42
2 22
1 93
2 2
2 96
2 50
2 60
1 17
1 75
1 91
2 12
2 92
2 76
1 3
2 36
1 1
1 25
1 11
2 58
2 52
2 38
2 48
2 40
1 97
2 30
2 72
1 51
1 39
2 66
1 53
1 71
2 88
2 10
2 68
2 32
1 31
1 13
1 79
1 67
2 100
2 34
1 55
1 65
2 14
1 41
1 37
2 84
1 99
1 19
2 54
2 90
2 4
2 80
1 77
2 62
2 18
2 74
1 63
1 87
1 85
1 15
1 47
1 43
1 49
2 56
2 82
2 20
2 78
1 5
2 86
2 94
1 69
2 46
1 27
2 26
1 7
1 45
1 73
2 98
1 35
1 83
1 23
1 29
2 28
1 61
1 95
1 57
2 6
2 64
72 51
2 24
13 37
36 50
8 35
3 10
28 46
36 49
5 26
19 41
22 37
18 24
18 27
33 50
30 44
12 31
2 23
32 37
29 31
23 49
20 32
2 14
16 37
38 40
3 19
6 11
2 4
6 11
21 25
27 50
22 30
4 19
10 34
42 47
16 34
4 41
14 34
20 28
5 21
2 34
32 41
29 39
14 51
35 39
4 16
41 41
24 38
19 45
3 46
31 49
17 35
37 40
6 43
45 46
38 50
3 27
11 22
24 26
5 31
34 37
25 37
29 34
33 42
34 42
21 23
10 13
4 42
3 16
1 18
28 37
40 42
26 45
26 43
87 24
20 22
12 20
7 10
8 19
8 18
10 24
10 12
4 16
7 24
6 21
4 18
3 5
7 7
20 24
6 9
9 15
23 24
6 10
9 18
9 10
4 17
9 23
8 19
1 2
11 12
4 15
16 20
8 9
14 22
4 11
16 17
7 18
13 15
2 11
3 13
5 11
6 17
17 18
17 19
13 18
8 16
15 22
12 13
1 13
2 19
5 5
4 12
12 18
7 13
3 19
6 12
3 18
2 13
8 17
14 19
24 24
9 17
15 24
7 24
20 23
13 15
17 19
14 14
7 14
7 16
5 9
4 12
5 6
3 3
20 21
14 18
6 17
2 15
2 16
20 22
4 10
14 23
2 11
10 23
13 16
7 17
10 18
2 15
8 18
17 21
8 22
3 18
64 100
43 95
47 93
48 96
48 98
41 100
42 96
42 99
46 95
46 93
41 98
47 94
44 98
42 98
44 100
44 95
47 99
47 96
41 99
44 97
48 97
44 93
48 95
43 94
45 97
44 94
45 100
48 99
47 97
41 95
47 95
48 100
44 96
46 94
42 94
46 97
43 99
41 94
46 98
45 98
45 93
42 100
45 95
44 99
42 95
48 94
41 93
43 96
46 99
47 100
43 98
46 100
42 97
46 96
41 97
45 96
45 94
45 99
43 100
42 93
43 97
43 93
48 93
47 98
41 96
36 100
68 87
67 88
70 85
67 89
68 89
68 90
68 88
71 85
69 87
67 85
71 87
70 88
70 86
69 89
67 86
66 87
69 90
66 85
70 90
71 90
67 90
69 86
69 85
71 88
66 86
70 89
71 86
69 88
68 86
70 87
66 88
66 89
66 90
71 89
68 85
67 87
100 13
12 12
4 6
5 10
3 9
11 13
6 11
1 13
2 5
8 13
3 11
7 11
1 9
7 11
13 13
1 9
5 10
9 11
2 3
1 2
2 10
12 13
8 8
3 6
3 10
2 12
11 11
1 10
5 13
1 6
1 5
1 3
3 7
9 10
5 13
1 8
2 4
4 11
9 11
1 5
2 8
3 3
6 6
8 11
6 9
8 12
1 7
4 5
3 10
3 9
9 10
3 12
3 5
7 8
2 11
2 13
1 3
1 11
1 6
8 12
6 8
2 7
4 8
2 12
4 4
8 10
5 11
2 10
12 13
3 12
10 12
6 12
10 12
4 6
6 10
10 10
9 9
5 7
5 11
2 5
6 13
10 13
4 8
3 6
2 11
8 13
5 7
7 9
4 9
8 11
6 8
7 12
7 10
9 13
6 9
3 11
7 9
6 10
9 12
1 8
2 2
16 25
15 19
2 13
4 23
9 14
1 8
10 24
8 10
1 10
5 6
13 14
5 12
6 24
15 23
1 16
2 14
6 12
100 100
39 65
56 63
1 49
2 20
45 89
88 89
11 53
12 96
9 66
11 17
20 74
81 88
79 82
2 17
87 91
11 100
35 47
68 74
5 85
35 76
3 22
38 92
27 97
70 71
19 30
14 48
44 69
19 75
22 36
8 32
73 88
40 51
33 98
23 65
18 44
72 80
82 91
67 71
65 70
50 79
5 56
11 54
70 78
31 65
42 49
24 37
13 95
11 87
43 65
31 72
43 84
24 79
39 84
10 97
24 82
26 84
35 45
6 57
80 100
7 67
42 84
37 75
26 28
40 60
64 73
91 96
3 15
3 61
28 40
44 74
17 53
3 53
3 52
37 46
7 64
5 9
9 45
21 60
37 79
8 84
7 89
46 64
60 69
35 63
17 32
65 66
47 98
72 73
83 98
19 100
3 61
87 87
54 63
14 36
37 38
8 63
66 91
23 42
38 54
96 100
93 48
18 42
4 9
14 41
12 12
17 18
32 40
31 38
16 32
32 42
16 25
16 39
4 22
2 22
29 30
29 43
17 47
8 37
15 22
30 44
4 33
9 46
14 45
31 48
30 33
12 22
26 31
19 26
14 33
12 25
6 35
10 22
3 25
2 3
5 16
36 40
7 33
22 41
6 37
36 46
2 38
14 19
5 14
8 48
23 42
35 45
1 10
11 13
10 26
6 38
2 2
5 24
9 36
4 43
8 26
22 30
14 20
1 6
16 41
22 41
22 44
30 32
33 47
3 18
12 24
12 24
12 41
13 18
22 44
17 34
15 30
29 48
20 33
13 34
26 38
1 2
17 39
7 15
19 24
3 4
44 47
23 25
34 40
2 40
14 42
13 33
26 48
19 25
22 27
12 44
9 34
29 34
13 42
42 46
36 6
3 5
2 6
1 1
1 6
3 5
1 5
1 3
2 4
1 4
2 3
1 6
5 6
2 5
6 6
2 2
2 6
2 4
5 5
4 5
2 3
5 6
1 4
1 5
3 6
3 4
2 5
4 5
1 2
1 2
1 3
4 6
3 3
4 6
3 6
4 4
3 4
100 100
3 40
12 40
11 34
12 39
9 40
8 39
12 32
7 39
11 33
8 35
4 36
6 32
11 35
5 37
10 37
7 36
10 33
12 35
8 40
5 34
5 39
9 31
8 38
10 31
3 34
5 35
6 33
6 40
11 31
11 36
4 31
4 40
9 39
12 33
9 38
9 34
8 37
11 32
12 31
4 39
7 35
4 38
4 35
11 38
5 40
7 31
4 33
11 37
5 36
12 38
9 33
6 36
11 40
7 34
8 32
5 31
7 37
6 37
8 34
3 33
6 31
3 38
12 36
8 33
3 36
6 38
3 32
3 35
6 34
10 32
7 40
9 37
5 38
9 35
12 34
8 31
3 31
12 37
3 39
7 38
5 33
4 34
5 32
10 39
6 35
10 40
10 38
11 39
6 39
9 36
10 36
3 37
10 34
10 35
4 32
8 36
7 32
7 33
4 37
9 32
64 8
3 6
2 4
3 8
1 4
6 8
6 8
4 6
3 3
1 2
6 7
1 5
5 6
2 6
1 5
1 6
2 5
5 8
2 6
1 3
3 5
7 7
2 4
1 2
3 7
4 4
5 6
4 8
4 7
3 4
1 8
3 7
6 7
1 4
3 8
6 6
2 8
2 5
1 8
2 8
2 7
2 3
4 8
4 6
2 3
2 2
4 5
1 7
7 8
3 5
1 6
8 8
7 8
2 7
5 5
1 1
3 4
1 7
5 7
4 5
1 3
5 7
3 6
5 8
4 7
100 100
65 85
47 79
7 82
22 53
53 63
7 68
55 83
48 97
52 57
52 62
13 81
31 83
35 51
34 91
2 60
54 79
36 82
42 84
7 49
51 66
66 74
10 90
66 98
4 94
69 82
86 91
41 86
14 86
18 25
27 80
5 60
92 100
5 93
3 9
67 87
63 70
5 53
58 91
69 77
29 49
28 60
2 41
21 60
70 78
48 51
29 71
26 53
46 93
28 39
53 90
31 47
54 69
57 82
17 92
7 85
14 96
31 78
6 86
57 62
60 79
14 15
63 80
47 76
19 66
13 18
44 60
71 76
25 76
30 97
57 97
44 67
20 71
73 73
11 43
35 37
23 76
4 15
12 26
24 65
89 96
57 60
74 79
28 59
82 90
66 68
41 77
5 74
13 23
16 76
3 55
43 64
3 56
16 30
28 38
83 85
67 76
14 62
13 42
4 52
24 50
100 20
5 7
4 16
17 17
14 20
10 13
14 18
13 15
6 7
17 18
5 16
18 19
3 14
17 18
5 12
7 17
11 16
7 20
3 9
11 19
7 20
5 12
7 18
14 16
2 11
2 11
11 12
16 18
1 13
1 15
9 20
6 7
7 19
3 7
1 12
13 19
3 18
6 16
2 8
3 8
7 15
9 14
13 19
14 17
2 13
2 20
6 9
6 8
10 14
13 15
5 15
6 19
1 19
12 13
5 20
16 19
6 16
17 20
11 16
10 15
12 19
2 18
4 5
1 9
9 16
12 15
6 14
2 17
1 9
7 12
6 20
11 20
17 20
5 10
1 15
2 6
8 9
6 15
16 18
12 19
2 13
4 17
3 14
16 17
1 8
7 19
15 16
1 19
13 17
8 14
15 17
2 16
2 9
12 15
2 7
11 12
19 19
1 17
11 19
14 19
6 15
100 100
19 45
72 97
21 26
19 36
14 27
4 80
73 98
36 48
94 97
9 43
42 75
43 47
22 33
3 82
59 61
42 90
23 58
50 59
72 84
29 79
7 84
51 58
23 70
2 35
54 56
51 94
50 94
30 32
10 46
2 55
23 72
43 57
4 62
8 86
68 75
22 45
4 5
75 76
46 48
22 49
31 34
2 19
63 90
14 47
47 67
40 47
23 72
24 28
47 58
8 50
19 54
7 10
30 64
23 70
59 68
61 86
36 76
72 98
41 81
33 97
12 88
62 67
24 91
43 96
16 34
40 40
4 57
71 92
1 28
12 22
84 92
36 51
75 76
80 97
6 82
36 55
20 72
46 88
41 63
20 60
28 86
7 38
19 76
4 33
7 56
48 96
58 84
24 51
67 68
58 73
46 63
74 85
54 77
26 77
49 60
48 62
30 84
35 59
19 84
37 98
100 100
5 34
45 79
6 44
48 66
74 100
39 45
10 94
5 34
21 43
54 94
60 67
53 78
34 69
34 69
17 100
49 84
39 87
30 38
1 18
30 65
19 58
13 88
66 73
26 81
53 78
39 87
26 81
6 100
58 100
17 37
79 80
45 79
17 30
30 51
10 94
53 64
30 51
60 67
13 88
19 58
48 50
21 50
13 91
43 65
69 85
57 92
58 100
74 77
53 64
54 75
23 66
16 86
15 54
43 66
18 39
46 49
30 65
1 18
57 92
79 80
46 49
54 75
84 97
84 97
44 45
78 91
39 45
17 30
78 91
69 85
74 77
17 84
17 84
66 73
12 77
17 37
74 100
6 44
6 100
46 48
6 40
49 84
21 43
54 94
18 39
6 40
13 91
23 66
17 100
48 50
44 45
12 77
46 48
43 65
30 38
15 54
43 66
48 66
21 50
16 86
26 41
5 39
5 32
19 21
19 31
5 19
1 32
36 37
19 29
31 38
8 9
9 33
1 6
5 15
14 16
17 32
7 29
7 10
9 25
4 20
28 40
4 16
11 12
3 19
28 33
23 36
30 41
100 16
1 6
3 6
6 15
6 13
2 13
9 15
1 16
2 9
1 7
7 8
8 12
4 13
5 15
9 15
2 9
7 15
7 10
2 16
5 12
11 14
4 14
14 14
2 3
1 11
7 10
6 13
10 14
5 11
14 16
1 9
1 14
6 12
1 13
1 11
3 8
3 7
4 15
11 13
14 15
5 7
1 7
6 10
9 14
10 14
2 8
4 6
4 14
2 10
1 1
2 14
6 9
3 15
1 13
6 14
10 11
4 9
2 8
1 3
6 9
10 11
8 14
3 15
4 6
10 16
3 14
1 8
1 9
14 16
12 14
3 12
7 15
1 2
1 3
6 12
8 10
9 9
4 16
2 4
14 15
2 2
3 7
8 15
1 15
15 15
6 10
3 10
13 14
7 9
4 11
3 9
6 8
13 16
11 15
5 16
5 12
2 11
4 9
3 14
9 13
3 4
100 100
44 46
68 98
39 63
27 70
17 81
90 98
30 55
86 92
59 94
24 69
86 92
24 64
4 80
60 68
1 2
4 84
12 86
84 96
57 71
42 59
43 97
43 97
34 92
47 56
73 88
47 56
26 31
10 81
4 84
44 46
17 44
12 86
46 70
3 96
4 37
34 92
39 63
65 78
11 53
3 82
68 98
65 78
9 79
44 86
17 44
16 63
59 94
9 79
22 69
10 81
27 70
13 82
13 82
30 55
65 94
19 36
65 94
16 63
35 92
60 68
35 92
44 86
44 96
7 69
46 70
3 82
73 88
5 13
24 64
11 53
24 69
4 80
82 96
4 37
1 2
19 61
42 59
22 69
3 96
90 98
19 69
8 74
84 96
5 13
16 36
8 74
82 96
32 52
19 36
16 19
19 69
44 96
7 69
16 36
19 61
32 52
26 31
17 81
57 71
16 19
100 100
21 80
25 87
53 94
6 99
11 97
13 31
29 91
9 86
48 89
20 76
13 94
19 93
29 54
7 85
60 88
74 90
4 41
10 86
5 33
28 80
27 73
11 99
18 56
18 56
3 74
69 76
11 96
55 92
13 61
4 85
22 100
15 39
67 81
56 100
11 96
20 22
5 55
7 94
79 93
21 95
20 78
21 71
22 85
51 65
10 38
52 89
46 84
1 80
73 78
73 74
29 51
89 94
66 90
25 56
48 69
14 86
17 73
44 72
7 35
9 30
20 81
23 92
58 96
35 99
24 33
27 69
82 87
5 51
31 57
47 80
51 51
40 100
11 54
59 77
53 99
46 64
24 70
14 87
24 82
24 28
21 46
23 61
24 56
30 89
44 58
13 50
29 85
21 95
5 50
31 51
20 27
58 87
34 92
30 92
40 82
9 23
17 99
5 55
38 83
76 83
100 100
5 41
5 30
2 62
55 86
11 93
3 27
52 95
38 42
13 35
73 85
3 19
56 76
57 95
38 94
67 82
3 42
13 35
3 42
39 56
38 90
66 67
25 99
18 25
24 31
44 89
24 31
13 71
82 90
38 94
38 90
12 61
73 85
3 13
13 71
56 82
35 56
35 56
67 82
18 42
30 77
57 82
3 13
25 71
22 81
5 41
11 93
2 62
66 67
3 19
14 96
22 81
38 42
12 39
55 86
82 90
2 22
79 89
61 82
41 50
68 94
31 61
79 89
18 25
41 50
16 18
25 71
25 99
10 32
31 61
10 32
29 44
1 6
61 82
56 76
14 96
49 54
3 27
35 49
29 44
5 30
56 82
52 95
57 95
12 39
1 6
19 52
18 42
68 94
39 56
12 61
71 79
2 22
49 54
44 89
57 82
16 18
35 49
19 52
30 77
71 79
87 41
19 34
27 33
7 36
33 34
10 34
16 26
28 41
38 39
13 38
15 28
8 9
27 29
13 13
4 32
6 23
30 38
33 37
29 41
21 24
10 21
4 10
22 34
18 21
7 27
10 32
25 34
12 19
2 28
20 23
9 30
21 37
26 38
12 37
27 40
3 38
26 33
14 32
12 37
34 34
26 35
6 35
1 31
13 29
19 27
11 26
19 19
10 20
9 18
12 22
2 34
12 21
8 22
18 35
9 18
31 32
4 7
24 37
6 16
18 37
13 36
14 25
1 19
8 32
9 19
15 34
26 31
25 30
3 38
30 37
8 35
8 32
21 35
5 29
27 30
1 1
26 31
1 13
4 23
35 40
13 34
8 22
16 18
22 22
30 40
28 31
16 32
20 25
100 100
29 100
43 53
66 93
39 70
5 55
7 86
36 78
28 59
84 100
14 80
65 66
28 34
55 67
2 44
7 36
45 48
25 29
5 18
37 72
48 54
37 42
25 81
31 41
70 72
1 68
68 80
10 38
52 67
10 92
75 89
11 88
78 88
50 88
81 89
68 71
69 83
43 48
62 70
48 59
16 72
22 54
51 97
83 97
47 56
2 72
6 82
36 56
49 72
17 75
28 36
1 89
48 100
7 10
6 29
89 94
9 99
30 73
54 58
45 97
16 98
72 100
21 42
29 45
2 49
8 86
85 93
35 50
12 84
14 39
4 97
34 45
15 83
35 90
3 37
8 84
79 91
77 86
1 32
27 100
7 51
13 80
79 87
41 80
61 61
3 80
68 87
3 28
39 93
59 60
73 98
41 86
6 45
43 54
53 68
48 88
1 61
5 82
59 65
78 83
14 88
47 17
6 15
1 10
4 17
6 17
5 7
6 8
1 5
5 11
8 13
3 13
15 15
6 11
14 15
3 13
6 14
2 10
2 10
9 11
1 8
6 13
10 17
11 17
7 14
14 16
4 9
8 10
12 16
1 16
12 12
13 15
13 15
3 11
5 10
13 16
5 15
6 11
8 16
8 10
8 15
17 17
9 16
4 11
11 16
8 15
4 8
4 6
1 3
100 100
2 99
5 96
41 60
34 67
16 85
19 82
29 72
49 52
14 87
10 91
43 58
7 94
15 86
22 79
15 86
47 54
44 57
13 88
17 84
24 77
30 71
46 55
17 84
37 64
27 74
38 63
19 82
12 89
45 56
12 89
21 80
41 60
2 99
16 85
50 51
14 87
46 55
28 73
10 91
3 98
8 93
45 56
5 96
4 97
18 83
23 78
9 92
30 71
25 76
33 68
3 98
13 88
23 78
35 66
33 68
32 69
26 75
36 65
4 97
28 73
25 76
20 81
32 69
8 93
20 81
27 74
39 62
24 77
1 100
35 66
18 83
31 70
50 51
31 70
36 65
7 94
48 53
1 100
48 53
34 67
49 52
26 75
11 90
37 64
43 58
42 59
39 62
38 63
21 80
40 61
44 57
6 95
11 90
29 72
6 95
9 92
42 59
22 79
40 61
47 54
4 2
2 2
1 1
1 2
1 2
12 86
27 53
26 63
60 75
17 73
26 38
6 72
66 78
13 47
68 75
29 66
20 44
13 80
2 100
1 1
1 2
100 12
2 10
8 9
4 7
9 11
6 10
7 7
2 9
1 8
3 12
5 11
1 1
10 12
5 8
2 3
8 11
2 11
12 12
7 12
9 12
2 12
3 5
3 10
10 10
8 9
6 10
9 11
11 12
9 12
6 8
4 11
2 8
7 10
1 12
4 8
1 4
9 10
2 4
4 6
5 11
2 3
3 5
1 5
7 9
5 7
4 10
8 12
3 3
4 7
5 6
2 6
3 9
3 7
6 9
6 8
3 7
5 7
4 10
6 9
3 8
1 7
8 10
2 8
3 12
5 6
4 9
1 6
4 8
2 12
8 12
1 10
2 11
6 11
7 8
3 4
3 6
6 6
7 12
5 9
6 11
3 11
4 9
5 12
4 5
7 10
6 7
8 8
5 9
1 7
10 11
3 10
8 10
7 11
2 6
2 7
4 5
3 9
1 4
5 10
10 12
5 12
100 19
14 17
2 15
10 16
7 8
3 5
8 13
2 5
17 18
11 15
1 1
11 16
11 12
10 14
2 9
17 18
4 18
7 12
6 14
8 14
13 18
3 9
1 16
8 12
4 17
18 19
8 15
5 8
13 19
1 2
1 13
16 19
1 11
2 11
2 4
3 9
6 13
7 10
10 12
11 12
4 15
1 18
9 19
4 19
4 6
10 11
4 7
1 11
8 12
6 10
14 14
4 13
7 11
8 9
4 5
5 14
13 15
8 15
14 19
10 12
1 7
17 17
10 19
13 16
11 15
2 15
3 18
5 13
3 6
1 3
9 13
13 14
3 4
9 13
7 12
3 8
5 9
3 18
5 18
11 19
1 2
3 6
11 19
12 15
4 7
15 15
7 8
5 7
11 11
1 18
3 3
15 18
9 15
17 19
4 17
5 9
2 12
1 12
5 8
2 14
3 7
16 4
1 2
3 4
2 4
1 1
1 3
2 3
2 4
1 4
3 3
1 3
2 2
3 4
2 3
4 4
1 2
1 4
100 100
64 73
69 76
57 59
70 100
50 100
76 92
77 90
55 99
81 89
67 79
77 93
72 88
64 93
83 89
66 100
65 86
70 95
72 90
69 82
71 98
61 82
57 63
75 77
77 81
64 78
56 90
75 77
55 76
83 90
74 83
71 82
69 69
75 88
55 99
94 100
80 84
53 57
63 94
81 91
55 85
65 98
80 91
56 98
63 64
53 90
58 71
74 88
65 75
74 96
66 84
55 68
57 83
67 90
77 92
52 60
56 65
61 79
79 81
74 74
52 64
77 77
52 96
62 76
91 97
85 91
66 68
54 92
79 83
60 90
86 99
53 88
61 62
63 75
63 68
64 75
61 94
76 91
77 81
58 81
87 91
78 97
56 83
76 96
59 84
60 63
50 60
51 64
51 53
91 100
59 62
70 96
71 75
58 70
50 68
64 99
57 96
65 92
67 75
50 83
80 99
48 8
2 5
1 7
6 8
1 1
2 8
4 7
6 7
1 5
4 5
2 7
6 8
6 7
6 6
8 8
1 6
2 4
3 7
1 5
1 6
1 7
3 8
1 4
1 8
1 3
3 5
4 6
2 8
4 4
3 6
1 3
3 8
2 6
7 8
3 5
1 4
3 4
1 2
4 8
2 2
2 7
5 7
2 5
3 4
5 5
3 7
2 3
5 6
4 6
100 100
67 99
4 21
52 84
6 12
6 10
42 88
58 73
20 84
20 51
87 88
79 86
1 56
23 53
7 67
22 58
10 96
47 48
10 96
2 21
13 36
24 100
13 36
78 83
66 71
66 71
21 39
67 99
49 92
20 84
20 40
51 70
20 40
78 83
68 89
6 22
81 94
1 56
51 70
31 54
60 95
6 22
4 21
3 16
45 49
1 98
1 98
87 88
24 100
3 41
22 83
51 86
54 74
18 32
84 87
43 75
49 92
6 12
23 45
47 84
20 51
3 41
15 75
23 89
15 75
3 16
12 99
42 88
12 99
23 89
68 89
2 21
58 73
81 94
18 32
79 86
2 47
54 74
31 54
23 45
51 86
45 49
27 86
8 41
4 74
2 47
43 75
84 87
22 58
47 84
52 84
6 10
22 83
8 41
27 86
60 95
7 67
23 53
4 74
21 39
47 48
100 100
11 26
61 83
6 68
66 83
4 18
70 77
59 71
6 81
11 77
54 83
40 50
33 35
15 36
15 59
6 60
50 86
4 60
8 79
25 99
14 65
60 74
3 45
6 57
2 3
5 8
84 92
71 72
61 69
29 63
31 88
2 54
15 85
18 80
45 81
7 47
17 54
39 45
46 55
15 39
20 78
90 91
80 97
7 86
4 56
8 45
13 89
37 100
43 84
23 95
2 60
49 65
24 38
24 43
27 83
28 33
60 65
58 92
64 64
50 73
23 24
16 97
9 64
34 72
35 53
52 75
10 26
23 56
6 76
47 91
20 43
11 71
13 81
18 59
13 93
5 50
35 71
4 69
21 42
37 83
20 99
30 64
15 68
27 62
18 23
26 35
25 75
76 85
1 35
60 72
5 89
60 78
31 34
62 65
51 91
15 67
20 42
30 72
22 42
2 4
38 52
3 2
1 2
1 2
1 1
3 3
2 2
3 3
2 3
100 100
3 84
2 86
37 98
27 48
51 55
28 29
79 88
11 82
75 84
30 57
25 40
49 70
18 70
55 87
51 93
5 55
63 91
58 75
48 65
54 70
38 90
19 79
48 62
29 94
6 32
11 83
16 35
2 20
39 99
5 72
17 24
83 90
40 43
57 86
3 82
17 30
51 72
53 70
38 61
22 96
12 68
15 57
55 72
53 80
31 38
35 39
56 95
63 99
15 88
27 32
17 67
11 76
24 66
86 87
57 59
54 98
27 51
37 41
30 31
50 63
18 20
62 98
58 81
2 78
29 100
82 98
89 93
22 78
13 58
12 57
24 40
82 84
24 86
58 100
25 90
52 54
55 96
8 41
38 65
28 75
45 53
34 50
77 82
24 66
22 36
58 78
36 78
26 65
24 45
29 98
39 46
14 72
57 85
72 78
61 81
26 43
85 86
50 80
22 64
19 99
16 100
8 60
5 62
8 62
6 62
7 60
6 61
8 63
6 63
7 63
7 61
7 62
6 60
5 61
8 61
5 60
5 63
61 87
24 68
36 52
15 76
4 27
14 39
2 68
46 61
9 58
10 60
5 46
8 78
7 12
17 54
32 61
53 70
14 37
52 57
10 63
25 32
44 71
18 62
79 86
2 44
8 38
27 44
19 19
45 49
73 84
42 54
66 81
84 86
4 82
65 85
7 19
3 78
35 66
19 65
15 78
42 64
21 56
26 40
7 70
36 79
5 84
50 61
18 66
20 51
46 81
2 78
13 26
25 36
37 47
29 87
8 73
4 12
74 78
62 86
29 32
15 30
16 39
34 44
11 78
20 73
7 13
10 52
53 65
51 73
55 66
26 66
36 69
24 49
7 11
39 51
100 100
7 23
1 8
47 68
30 38
17 29
29 32
58 88
19 83
31 35
16 98
47 93
17 63
11 57
6 23
65 85
84 96
1 24
4 53
35 86
8 73
4 19
50 68
42 79
3 29
45 98
1 10
64 91
60 60
51 73
32 35
16 79
2 71
17 85
16 40
32 96
11 50
18 37
32 58
56 84
54 96
8 76
10 92
53 77
14 63
12 30
16 74
37 62
32 34
14 71
22 94
1 23
7 56
21 51
41 43
19 89
16 26
53 81
3 40
24 26
59 62
71 74
78 93
15 81
25 67
48 94
24 66
49 57
3 66
27 74
6 90
37 58
21 75
86 89
22 42
18 69
14 25
4 72
33 84
18 95
23 77
65 100
14 32
58 64
33 88
19 81
41 95
29 83
49 62
35 35
1 100
23 46
11 47
77 84
35 58
21 66
57 97
41 80
49 55
4 51
37 74
100 100
4 96
38 51
32 60
49 51
47 64
68 74
77 93
45 96
43 60
5 82
19 86
92 93
58 91
34 46
32 84
7 74
51 80
30 41
47 55
85 90
4 47
68 88
23 82
58 78
18 48
6 41
12 36
30 88
59 69
84 93
70 70
52 64
20 92
55 71
42 83
54 92
15 82
1 55
25 57
21 33
6 83
16 27
11 40
10 72
86 87
28 90
10 61
70 85
7 40
51 59
16 89
50 58
31 52
79 92
42 70
58 93
4 65
36 93
71 80
48 59
45 60
34 83
37 98
51 57
24 49
1 92
16 32
26 31
10 77
1 46
6 59
6 48
4 21
81 95
68 99
79 97
37 98
3 69
44 90
72 75
3 88
46 69
11 99
39 76
36 48
59 66
68 75
11 12
61 87
37 43
8 58
40 89
24 56
14 41
18 39
30 52
36 93
63 97
1 54
14 81
100 100
63 92
86 89
58 74
61 87
77 97
55 96
85 100
74 89
54 72
70 73
59 74
59 87
81 81
53 54
55 55
73 93
78 82
93 99
81 90
55 89
52 94
57 79
56 95
53 55
87 93
71 76
60 92
50 62
59 88
84 85
62 76
71 92
88 93
61 61
53 53
51 75
67 72
84 92
61 62
65 81
77 89
58 82
58 71
55 60
79 84
58 88
52 80
55 93
64 84
94 100
93 96
89 94
95 100
58 86
78 100
53 69
68 79
51 100
64 77
71 87
70 77
90 100
60 61
69 72
77 93
74 82
78 96
87 91
79 85
51 95
61 71
55 66
83 95
69 93
77 90
78 98
59 71
57 73
59 88
55 98
57 95
55 72
83 97
83 96
84 85
53 83
76 95
64 65
71 88
58 97
62 91
69 86
71 80
65 71
82 82
50 67
74 87
62 68
51 95
54 92
30 6
2 3
4 6
3 5
1 4
4 6
3 4
3 6
3 6
2 4
2 5
4 5
2 5
1 3
3 4
2 6
1 6
2 6
1 6
4 5
3 5
1 5
5 6
1 4
1 5
1 3
2 3
1 2
5 6
1 2
2 4
100 100
23 33
47 85
22 33
40 72
1 3
23 74
21 52
29 78
17 46
12 19
2 40
5 48
77 93
47 66
46 94
10 28
70 83
34 76
60 75
39 77
81 90
10 44
42 64
21 97
39 96
2 69
51 65
61 71
22 63
57 71
30 84
26 47
27 64
24 61
60 96
55 71
23 34
10 78
59 65
20 56
61 77
28 70
71 92
30 79
86 95
8 85
19 45
73 83
63 80
32 61
10 23
65 87
67 79
79 84
16 66
5 23
31 54
55 97
43 91
7 94
23 87
52 78
2 72
38 41
22 50
23 24
79 84
94 98
18 91
12 74
73 88
25 32
72 92
3 49
19 36
59 90
41 86
9 52
76 98
34 52
89 99
5 24
50 65
5 100
36 69
24 43
75 82
19 65
63 84
33 88
5 41
58 64
16 25
64 68
61 77
56 92
24 52
3 67
67 83
81 90
100 11
5 9
2 5
1 11
1 10
1 4
6 8
2 11
3 8
2 5
8 10
5 10
6 6
2 9
6 8
3 7
9 10
7 9
6 9
3 9
2 10
5 7
2 8
1 2
5 5
1 3
4 7
1 5
1 9
1 11
8 9
1 9
3 6
7 7
11 11
8 11
1 1
4 10
3 9
5 6
4 11
5 6
2 6
1 8
5 11
4 7
2 10
2 6
7 8
3 10
1 8
2 11
5 9
4 5
4 8
2 8
4 6
4 11
4 10
1 6
2 9
3 4
5 10
6 11
6 7
9 11
7 10
1 10
8 8
6 9
2 7
7 9
3 11
8 9
5 11
7 11
7 8
6 7
3 7
10 11
2 7
2 4
8 11
3 3
10 11
4 8
2 3
1 4
2 4
1 2
9 11
3 10
3 11
7 11
3 6
4 6
4 5
7 10
2 2
5 7
6 11
100 100
31 56
2 25
31 36
16 48
37 76
1 46
47 51
16 69
14 58
47 51
14 89
31 36
14 84
11 32
10 87
45 94
26 39
7 10
11 32
45 94
3 88
16 69
14 30
37 76
48 89
3 88
14 30
45 66
33 99
11 66
75 79
29 66
48 89
4 20
37 71
89 100
14 65
75 79
37 71
17 78
41 98
79 87
7 10
28 71
85 91
18 59
42 77
26 31
13 65
27 30
11 66
3 72
85 91
31 55
14 65
18 59
13 65
45 61
14 89
13 45
26 31
23 87
45 86
79 87
14 84
29 66
17 78
31 55
31 56
45 61
45 86
13 45
16 48
45 66
89 100
26 39
34 63
42 77
9 82
14 58
11 38
23 87
29 86
9 82
10 87
27 30
1 46
61 70
11 38
28 71
34 63
33 99
4 20
29 86
4 99
3 72
41 98
61 70
2 25
4 99
40 13
6 10
11 13
9 10
8 9
8 11
4 6
5 12
5 13
4 13
12 13
6 11
2 8
6 11
3 6
1 7
3 10
2 12
6 10
3 8
2 5
12 12
1 6
5 13
2 13
7 9
2 10
8 10
3 4
8 10
4 11
6 9
1 3
5 10
5 11
1 4
2 6
3 6
3 13
6 12
6 7
79 28
4 8
22 24
8 23
17 22
2 13
10 24
6 18
3 10
8 22
15 23
7 27
1 4
18 23
20 26
11 14
18 26
8 16
4 22
18 21
5 15
21 28
7 15
5 8
5 14
15 17
11 26
12 24
18 18
4 13
17 28
16 20
1 6
14 24
22 26
11 26
17 26
12 24
7 16
12 21
9 25
9 18
2 9
10 20
21 25
4 28
10 26
2 9
13 24
13 19
10 14
12 19
16 25
5 10
2 19
2 18
7 20
18 21
4 23
18 22
15 22
6 12
7 26
4 28
11 15
14 20
14 27
2 11
9 23
5 19
12 21
10 14
9 23
23 26
15 18
3 8
3 17
5 17
20 28
22 22
26 41
9 29
5 7
10 25
4 5
19 35
21 33
13 38
25 35
3 33
4 9
22 30
9 30
16 32
3 19
37 39
12 22
1 10
33 33
34 40
9 11
8 26
4 21
12 14
7 30
6 39
23 25
100 100
65 81
3 17
7 56
20 53
7 56
1 84
51 54
4 13
46 48
2 18
39 94
6 81
67 70
15 71
9 86
79 99
26 50
12 47
52 83
40 52
46 48
22 69
51 54
48 50
13 82
19 69
43 45
4 67
4 13
17 30
64 91
67 70
12 47
9 74
32 79
48 50
19 69
31 43
28 42
65 81
34 95
42 51
64 91
26 50
20 86
63 76
37 91
39 62
56 92
22 60
39 62
6 81
4 47
15 71
40 52
79 99
28 42
2 18
20 86
22 69
4 47
70 91
6 10
34 95
10 21
10 21
4 67
3 17
42 51
9 86
3 97
1 99
32 79
17 30
52 83
1 84
22 60
56 92
66 78
63 76
1 99
64 76
31 43
20 53
66 78
37 91
43 82
6 10
36 92
36 92
43 82
9 74
40 85
70 91
39 94
64 76
40 85
3 97
43 45
13 82
2 2
1 2
1 2
100 100
24 43
55 91
46 100
33 87
53 94
12 36
6 65
14 51
42 53
41 56
49 92
39 72
78 93
81 84
1 25
51 91
31 41
4 27
14 74
24 44
70 75
39 96
63 89
40 95
62 100
12 72
62 76
49 53
25 62
2 30
1 92
18 44
90 91
48 82
26 100
35 45
57 97
84 94
52 91
53 65
68 86
12 35
43 48
80 95
27 67
51 94
8 39
15 46
39 77
15 80
37 88
4 10
81 84
20 89
60 100
4 97
87 90
43 62
6 34
40 48
33 34
35 41
49 67
58 64
56 63
5 59
48 70
50 84
89 100
9 19
57 69
35 42
34 62
3 24
9 43
56 93
60 74
41 88
15 49
15 44
15 19
44 94
40 57
3 91
11 33
33 88
14 19
14 41
54 67
7 86
6 80
41 92
41 69
11 60
41 76
38 63
74 100
66 97
66 93
16 38
100 100
17 57
54 82
5 81
1 6
6 68
40 52
1 86
38 50
19 27
23 46
17 65
18 51
60 73
31 39
57 67
55 69
38 98
38 50
1 86
14 24
40 52
52 84
29 30
46 74
56 98
74 88
42 46
1 6
32 53
17 71
38 98
30 45
72 79
18 51
67 99
57 67
72 79
28 32
60 73
14 24
68 76
19 70
31 39
71 79
29 30
11 43
1 82
13 81
6 68
12 55
32 53
17 41
54 82
17 57
69 76
8 53
38 51
71 79
52 84
73 81
19 70
39 70
17 41
5 81
73 81
38 51
17 71
23 46
3 55
67 99
12 55
15 59
39 70
11 43
20 91
1 15
1 82
3 55
55 69
46 74
13 81
28 32
1 15
74 88
19 27
13 76
30 45
8 47
68 76
15 59
42 46
8 47
13 76
3 70
17 65
20 91
56 98
3 70
69 76
8 53
29 51
38 45
10 46
17 25
30 32
45 46
24 49
25 33
22 37
16 50
5 32
7 27
42 43
26 27
20 48
41 45
12 47
29 35
20 34
25 50
15 37
22 33
6 20
1 16
10 24
38 47
36 36
15 43
3 23
24 29
46 55
5 54
3 6
7 14
15 37
4 55
2 45
13 38
12 33
8 32
34 51
22 40
43 54
1 24
14 18
5 15
40 47
26 29
4 55
26 31
40 45
8 20
25 35
4 12
38 46
15 55
20 35
6 21
26 31
9 17
22 43
15 27
21 44
27 46
42 47
41 47
13 41
4 10
38 43
1 18
53 53
10 22
29 38
31 46
9 23
7 50
32 45
100 15
4 14
2 11
8 12
2 13
2 9
1 13
5 8
2 5
5 9
5 9
8 12
5 8
8 10
7 13
5 14
3 11
3 14
10 13
11 13
5 15
2 12
5 5
15 15
12 13
2 14
12 15
2 3
3 5
3 3
5 15
10 14
6 13
4 12
9 10
5 12
1 6
1 4
6 15
1 10
3 9
1 4
2 4
9 14
2 6
11 13
3 15
11 14
1 7
1 14
2 3
3 8
14 15
14 15
7 8
7 11
9 11
4 9
4 11
1 12
4 10
2 13
13 15
10 14
7 14
3 13
8 14
4 4
2 8
8 14
9 15
1 2
2 7
7 13
3 14
1 12
4 11
2 15
9 14
4 6
7 14
12 13
1 10
4 15
13 15
3 15
2 11
10 11
3 7
8 10
1 13
12 12
1 1
7 9
11 11
7 11
5 13
4 9
12 15
3 13
9 9
80 93
33 88
8 48
69 92
26 45
12 12
3 65
49 70
72 90
73 88
13 87
74 92
16 61
48 60
58 60
56 93
57 88
46 61
20 57
21 69
36 80
28 93
49 84
57 61
13 26
69 84
63 92
17 79
6 18
28 84
14 29
9 73
6 39
38 44
68 72
1 42
26 56
50 66
3 79
10 10
1 19
22 38
10 69
21 65
36 55
39 57
3 48
71 83
45 56
42 78
68 88
17 19
62 70
22 29
2 91
22 86
41 53
1 19
53 58
37 73
7 83
71 80
11 40
17 63
29 93
28 46
70 79
4 52
43 60
57 80
40 71
34 68
32 80
5 17
43 90
49 84
35 70
10 88
48 83
80 80
57 63
100 100
4 87
1 98
22 66
1 39
48 70
48 70
38 82
6 26
15 31
55 79
13 94
35 39
33 60
24 49
12 72
63 71
90 96
20 92
46 71
36 73
24 43
55 72
43 65
26 71
28 51
64 72
31 51
64 97
8 52
17 69
53 84
7 86
20 83
56 94
39 59
65 77
36 86
82 89
82 98
41 54
24 87
8 82
10 68
24 82
75 89
47 58
18 23
2 24
35 36
1 11
36 63
22 82
48 65
54 90
21 75
17 64
30 88
92 98
16 27
35 36
41 91
4 53
50 61
40 100
2 79
25 38
28 62
3 89
49 90
27 49
15 84
17 87
27 94
40 40
4 45
35 59
91 98
55 69
4 97
16 24
7 85
28 89
8 32
46 78
7 94
17 72
76 79
57 59
16 61
43 53
6 97
21 45
31 92
6 81
77 99
4 94
5 8
11 53
64 77
80 95
100 100
21 79
76 79
23 86
25 31
56 88
71 97
6 78
15 98
29 68
15 52
34 79
25 88
34 98
25 93
57 87
16 34
57 66
84 94
16 32
31 55
18 47
19 86
1 67
10 71
64 98
77 79
48 100
4 30
52 90
3 11
66 74
12 68
38 77
28 99
37 48
53 92
26 61
4 63
53 53
36 80
66 77
56 73
11 85
61 77
31 84
5 73
67 97
12 29
28 52
37 76
12 33
47 66
43 63
20 89
30 95
8 37
21 29
2 59
5 77
35 88
32 46
36 69
18 23
65 75
23 62
16 93
4 35
53 79
4 32
39 56
54 55
26 34
18 20
64 94
41 71
4 83
23 34
6 81
25 52
4 100
20 65
38 51
8 25
38 49
10 66
22 71
31 40
58 89
35 91
15 74
50 52
45 61
31 54
17 78
77 88
5 94
11 13
9 87
42 44
34 58
90 10
2 3
2 6
6 8
1 8
2 3
3 4
5 10
2 5
3 5
9 10
1 4
2 4
3 7
3 9
1 10
7 8
4 8
3 6
6 9
9 10
1 9
7 10
3 9
1 8
5 7
3 8
2 5
3 5
7 10
1 10
7 9
6 9
5 8
1 4
3 6
7 8
4 5
1 6
2 8
2 7
8 9
8 9
1 9
3 10
5 8
4 9
4 10
2 6
8 10
2 8
1 5
4 7
2 10
3 8
3 4
6 10
2 9
4 6
1 2
1 6
5 9
4 5
6 8
3 7
5 9
1 3
4 10
5 6
8 10
5 6
6 7
4 7
6 10
1 2
1 5
1 7
2 10
3 10
5 10
2 9
7 9
1 7
4 9
5 7
4 6
2 7
2 4
4 8
6 7
1 3
34 42
21 41
1 24
16 32
23 26
12 14
5 16
22 35
28 42
21 41
23 35
29 34
13 23
7 33
7 26
10 22
19 33
19 34
14 18
22 25
39 42
4 11
5 39
16 30
5 22
16 33
9 21
1 37
2 36
3 25
30 42
22 38
14 23
16 34
6 18
100 100
1 7
1 19
1 94
1 61
1 93
1 33
1 17
1 6
1 81
1 34
1 10
1 23
1 88
1 92
1 13
1 76
1 38
1 37
1 59
1 41
1 22
1 69
1 79
1 9
1 86
1 54
1 52
1 84
1 66
1 64
1 78
1 32
1 97
1 95
1 71
1 44
1 67
1 12
1 27
1 25
1 100
1 47
1 56
1 90
1 87
1 39
1 58
1 24
1 45
1 72
1 80
1 35
1 73
1 55
1 49
1 30
1 70
1 28
1 3
1 16
1 57
1 51
1 98
1 1
1 96
1 99
1 4
1 29
1 14
1 83
1 89
1 48
1 77
1 15
1 18
1 91
1 53
1 75
1 62
1 21
1 5
1 43
1 68
1 20
1 11
1 8
1 26
1 42
1 31
1 40
1 74
1 82
1 85
1 36
1 63
1 65
1 2
1 50
1 60
1 46
56 84
34 76
21 59
67 69
43 67
57 67
14 70
20 33
17 35
56 76
63 82
67 74
14 84
19 45
11 82
18 21
8 19
20 54
74 79
29 56
15 71
4 12
23 30
36 69
21 37
7 27
4 52
27 72
5 66
45 57
6 64
13 60
28 61
4 32
63 79
6 11
16 30
1 75
32 57
11 40
4 6
2 80
8 53
33 35
5 51
2 72
6 45
4 29
2 37
2 10
17 37
4 38
27 62
12 26
54 79
9 17
75 76
60 30
11 14
1 27
16 18
27 27
16 21
2 24
10 20
11 28
15 29
8 24
13 22
8 29
3 19
2 23
23 28
3 23
6 11
28 29
3 23
1 16
18 23
27 30
24 30
13 20
18 24
14 30
18 26
20 25
7 30
10 14
15 25
8 23
4 6
9 28
3 22
2 10
10 12
3 12
18 19
9 13
17 29
3 20
3 5
6 27
1 2
9 25
11 13
11 24
16 17
5 15
3 14
6 21
12 27
5 7
6 11
17 21
5 6
7 13
22 30
3 16
100 100
45 74
58 91
45 58
2 74
75 76
44 55
1 59
56 89
55 57
49 100
44 69
71 93
26 28
14 64
11 83
56 60
25 78
34 46
47 71
60 76
29 63
32 44
6 57
33 36
6 82
20 29
16 82
29 58
24 50
76 94
55 62
74 76
5 15
73 83
64 85
47 63
34 61
16 62
9 35
61 100
65 77
88 94
40 70
24 46
80 94
49 74
17 99
22 56
32 50
23 75
8 91
14 75
41 87
42 78
13 16
38 58
39 77
11 58
12 80
17 31
1 93
17 96
21 88
13 68
32 76
7 42
19 91
3 76
4 94
13 95
10 41
31 85
51 58
35 42
9 10
9 66
41 78
32 52
14 81
61 71
72 100
60 88
73 83
43 69
34 43
76 82
4 23
19 56
13 56
23 93
3 52
46 95
17 21
47 83
11 56
82 87
41 76
49 76
46 80
40 92
34 83
22 35
8 39
36 41
58 61
24 47
50 67
22 80
31 57
38 45
78 81
18 49
26 65
49 63
6 54
82 83
39 43
8 50
33 48
45 63
6 25
57 74
19 22
43 69
27 71
1 10
27 83
4 51
5 15
74 82
49 60
34 64
21 34
11 40
17 53
2 2
1 1
2 2
100 18
6 12
3 11
5 16
8 11
3 9
4 6
2 13
2 14
3 14
8 12
6 14
11 17
2 18
1 7
4 18
8 15
8 17
3 10
13 17
3 10
16 17
9 15
5 17
2 10
4 5
12 14
7 15
4 6
4 17
9 11
2 14
17 18
8 10
14 17
14 15
7 15
11 18
4 11
2 3
3 11
8 16
9 10
6 11
2 4
1 17
9 13
13 15
11 14
8 16
16 16
10 15
6 18
7 9
15 18
6 14
3 6
1 18
11 16
2 16
5 15
9 16
7 10
6 13
10 13
2 15
7 7
4 12
9 9
13 17
14 15
1 14
5 18
8 17
2 17
1 14
1 12
15 18
11 12
5 6
11 16
12 17
2 12
11 11
6 16
2 2
3 16
12 12
8 15
3 6
6 17
4 13
2 9
1 12
13 15
3 8
13 16
1 10
10 12
2 7
10 15
100 100
79 80
61 64
58 94
61 63
50 74
60 66
89 98
79 98
61 72
57 98
66 84
61 96
66 69
76 87
92 96
59 100
51 84
63 97
50 55
87 94
69 85
63 78
79 80
64 85
50 77
53 53
70 98
79 94
62 83
67 96
74 99
65 97
53 95
56 81
75 84
70 71
50 68
73 78
56 84
77 85
81 86
57 88
68 94
62 85
59 64
67 97
62 99
55 87
57 99
60 88
74 86
65 93
61 63
53 55
57 94
91 100
80 100
62 67
74 87
57 87
91 100
51 89
89 100
53 83
65 91
68 86
91 92
72 75
60 92
72 92
86 97
55 99
68 96
55 66
50 61
57 68
66 79
84 92
86 91
62 91
90 96
66 98
61 80
60 68
50 58
77 82
59 99
85 88
62 84
57 96
71 86
64 75
50 87
54 56
88 88
61 74
50 82
60 84
63 77
65 100
100 100
91 91
39 39
3 3
94 94
90 90
59 59
75 75
29 29
68 68
82 82
41 41
45 45
76 76
98 98
66 66
2 2
21 21
44 44
37 37
64 64
5 5
69 69
93 93
27 27
7 7
24 24
86 86
6 6
13 13
81 81
60 60
73 73
20 20
47 47
42 42
54 54
26 26
18 18
12 12
100 100
17 17
53 53
36 36
38 38
30 30
32 32
80 80
22 22
33 33
52 52
23 23
10 10
96 96
92 92
65 65
63 63
34 34
88 88
11 11
1 1
84 84
8 8
49 49
74 74
50 50
78 78
57 57
35 35
28 28
77 77
55 55
70 70
58 58
79 79
97 97
14 14
83 83
15 15
19 19
62 62
48 48
61 61
71 71
89 89
67 67
72 72
40 40
4 4
56 56
25 25
87 87
31 31
51 51
9 9
95 95
99 99
85 85
16 16
43 43
46 46
70 50
21 24
32 39
15 42
28 30
19 37
13 42
34 44
14 23
15 25
1 23
24 36
16 17
11 17
41 46
11 46
13 47
35 42
18 26
1 40
21 43
2 13
36 49
4 33
22 31
7 32
16 45
3 8
14 17
7 48
18 47
25 46
34 46
6 39
26 46
5 29
26 27
18 34
20 36
18 47
14 33
27 30
24 48
7 26
17 20
32 35
22 50
2 46
6 11
11 19
32 35
6 41
30 39
16 33
8 17
10 38
17 50
4 39
34 39
5 18
16 43
33 47
20 35
3 37
41 48
18 42
41 43
24 37
23 38
28 48
19 47
40 96
53 54
13 25
64 70
1 53
51 77
28 70
6 61
32 50
3 85
22 44
4 79
1 72
79 83
2 50
39 89
27 55
29 59
5 69
9 64
78 95
40 48
75 86
85 87
49 64
22 73
14 40
32 72
57 58
71 90
12 60
28 57
76 95
55 75
46 86
86 86
62 96
6 26
20 53
15 74
33 73
100 100
30 90
22 51
49 70
12 44
44 84
41 60
71 78
3 60
40 99
17 61
26 63
40 99
52 77
7 87
63 75
15 16
20 32
71 78
39 95
32 81
12 24
67 89
83 99
5 26
86 97
65 69
67 89
15 79
3 53
6 28
7 87
32 81
22 51
3 53
11 65
6 49
70 95
44 84
4 92
17 61
42 86
12 23
32 63
65 69
34 60
20 27
12 23
20 27
21 72
5 26
41 60
26 63
63 75
70 95
18 19
6 7
21 72
15 79
22 41
49 70
7 35
33 48
34 52
39 95
6 49
2 34
22 41
10 36
33 48
11 65
31 90
22 85
52 77
31 90
6 28
15 16
11 55
18 93
86 97
10 36
34 52
18 19
18 93
30 90
83 99
2 34
11 55
32 63
7 35
4 92
59 97
34 60
12 44
12 24
6 7
3 60
20 32
42 86
59 97
22 85
100 100
14 79
61 71
51 94
85 98
72 73
51 95
55 85
26 38
47 55
48 49
5 65
6 41
51 95
18 69
1 10
20 22
20 28
81 93
63 91
47 55
26 38
6 92
20 22
78 89
6 41
72 84
32 38
29 72
46 47
84 95
57 71
17 43
45 58
61 71
83 90
84 95
42 68
51 94
66 73
33 84
72 73
7 48
68 83
66 73
29 63
1 57
78 89
6 92
29 63
63 91
40 64
46 47
33 84
6 79
9 20
56 74
85 98
56 62
29 72
12 98
42 68
48 49
15 65
6 79
5 65
17 43
3 74
1 10
81 93
47 57
3 74
7 48
47 57
45 100
1 57
30 79
45 58
15 65
9 20
32 38
34 62
43 80
56 74
14 79
20 28
56 62
68 83
83 90
34 62
45 100
43 80
40 64
57 71
18 69
12 51
55 85
12 51
72 84
12 98
30 79
90 28
4 21
11 21
13 26
14 16
16 20
13 16
3 27
16 19
6 27
18 22
3 26
6 16
7 18
8 21
13 20
7 8
20 27
3 21
13 19
13 21
12 17
11 16
4 20
7 27
4 21
3 26
8 20
13 16
10 24
17 19
1 7
27 28
5 26
17 21
14 24
7 23
19 24
7 24
6 15
15 18
10 27
6 12
1 1
3 13
8 22
10 22
8 10
11 23
11 11
15 20
12 26
12 28
20 20
8 20
2 7
12 20
14 22
2 16
9 21
5 12
10 21
1 18
10 18
6 17
7 9
23 24
4 10
1 4
3 20
10 24
10 20
12 15
17 24
22 28
7 17
15 16
9 24
7 24
9 15
16 22
13 19
1 19
3 8
12 15
16 26
1 5
15 27
6 22
14 19
10 23
56 8
7 8
3 7
5 8
3 5
6 7
3 7
2 7
1 3
1 5
4 7
4 6
5 8
5 6
4 6
2 6
4 8
1 4
5 6
2 5
1 7
3 8
3 8
1 8
1 5
2 8
3 5
3 6
4 5
1 2
1 6
2 7
1 6
4 7
2 8
1 2
5 7
3 4
7 8
1 8
5 7
2 6
1 4
3 6
2 3
2 3
4 8
6 8
2 4
6 7
4 5
1 7
6 8
3 4
2 4
1 3
2 5
4 100
27 52
26 51
27 51
26 52
12 4
1 3
2 3
3 4
1 4
2 4
3 4
2 3
1 2
1 3
2 4
1 4
1 2
100 100
41 53
43 61
25 94
7 63
33 98
75 84
86 89
57 86
19 54
6 94
77 87
43 61
21 75
26 40
26 53
14 93
41 53
26 53
85 86
81 83
49 89
56 71
24 94
47 99
13 89
33 95
32 78
86 89
57 86
74 79
45 94
23 90
7 63
45 60
32 81
56 67
1 31
26 40
38 73
97 98
6 94
30 35
3 94
38 89
6 55
48 80
3 44
30 35
47 99
74 79
85 86
13 89
7 85
18 28
33 95
77 87
63 66
23 90
45 94
56 71
33 98
13 19
71 78
1 31
12 75
40 50
32 81
38 73
48 80
49 89
81 83
71 78
97 98
13 19
45 60
25 94
6 55
40 50
22 100
3 94
25 64
14 93
3 44
24 94
18 28
7 80
38 89
15 97
25 64
21 75
32 78
75 84
15 97
22 100
12 75
56 67
7 85
19 54
7 80
63 66
100 100
15 28
78 81
9 75
11 83
57 69
44 60
29 52
15 54
49 98
90 93
12 84
30 55
11 23
49 69
43 88
40 78
49 95
13 29
40 57
7 16
13 75
62 93
23 60
4 51
22 68
8 98
9 30
1 64
25 51
8 75
20 84
78 91
69 69
56 58
33 73
84 89
33 73
14 69
31 50
1 82
4 14
42 91
32 85
55 92
28 52
31 32
49 92
25 67
71 73
24 77
10 24
25 94
5 78
8 32
29 86
74 81
68 69
35 67
5 6
41 65
21 89
76 93
44 96
87 100
33 47
33 41
77 88
27 46
1 71
84 90
1 5
58 86
35 52
48 62
82 93
31 64
47 91
29 77
28 87
51 91
51 79
1 34
70 96
66 88
52 69
9 47
22 78
9 65
8 54
35 52
70 80
43 56
12 48
52 70
6 44
2 84
8 12
22 27
17 31
82 100
92 65
36 50
28 63
16 17
4 6
26 30
45 60
3 35
20 55
2 65
6 28
24 55
8 48
30 43
11 21
14 32
23 25
13 59
2 21
14 52
26 49
5 50
51 55
33 45
30 49
18 57
3 44
45 61
7 49
4 51
57 65
30 57
22 36
37 43
24 53
14 32
27 56
32 39
1 34
60 63
7 52
33 35
9 32
8 33
15 40
46 47
25 33
2 16
31 35
3 30
6 26
55 65
5 20
44 58
28 36
24 29
27 42
14 23
2 4
40 46
25 58
2 39
25 65
12 24
22 22
1 17
32 44
14 60
8 12
31 62
1 32
10 38
6 52
22 27
17 59
65 65
51 65
14 47
35 45
16 27
5 19
7 25
16 23
9 61
27 36
13 45
1 52
56 57
13 60
15 18
23 63
42 63
8 18
100 100
60 97
52 99
65 84
14 42
16 97
48 59
6 46
5 76
32 73
50 54
20 65
43 75
11 37
27 47
2 15
16 96
48 63
48 62
8 70
44 95
68 82
34 42
22 99
72 90
44 56
84 92
53 96
6 25
12 28
4 44
40 48
89 100
30 58
39 71
39 67
52 80
5 21
49 85
5 98
47 83
45 59
41 70
46 64
4 17
33 94
53 86
54 100
53 65
55 89
10 69
29 40
19 36
21 46
28 51
7 64
10 10
13 78
9 33
8 16
40 74
37 66
38 55
1 89
3 53
43 76
58 61
27 77
31 97
23 87
35 57
64 66
44 52
19 32
13 73
26 40
14 56
30 42
18 62
28 81
61 85
51 92
17 23
63 89
31 72
18 52
58 91
10 58
24 69
6 54
11 79
9 76
42 88
47 58
42 68
80 92
2 67
56 93
71 77
7 13
35 94
21 24
5 18
1 9
11 16
5 10
12 23
7 17
3 24
2 7
6 22
6 17
1 17
9 19
4 10
2 4
19 23
3 8
3 12
15 19
4 14
3 13
12 23
100 10
5 10
5 5
2 6
3 3
1 1
2 2
2 9
8 10
4 8
7 9
1 3
5 7
8 9
1 8
5 6
4 4
5 9
6 10
5 8
3 7
2 7
4 10
3 8
5 7
2 10
9 9
1 6
1 2
7 7
3 7
4 5
1 4
6 9
4 9
5 10
3 6
2 3
1 10
1 5
6 9
2 9
7 10
10 10
3 5
6 7
2 3
1 9
4 6
6 7
4 7
2 6
8 8
1 5
1 3
3 8
2 4
1 2
3 9
4 5
1 7
6 8
4 9
3 5
2 7
6 8
2 5
3 4
7 10
8 9
3 10
3 9
2 10
7 8
1 7
7 8
5 6
6 6
1 4
4 7
3 4
7 9
8 10
5 8
4 8
9 10
1 10
9 10
1 9
2 8
1 8
2 8
6 10
1 6
2 4
3 10
4 6
2 5
4 10
5 9
3 6
47 79
14 45
43 66
48 51
31 64
2 8
51 60
32 43
8 49
65 72
15 60
39 77
49 55
10 21
32 48
3 9
5 61
25 55
59 70
32 66
2 59
27 43
28 48
41 75
61 65
13 60
15 38
22 63
59 73
20 70
66 79
13 33
19 38
32 54
4 31
50 67
59 73
57 78
39 49
25 62
66 75
6 57
53 72
18 79
3 19
8 34
29 43
32 69
89 76
14 48
30 34
11 76
23 50
32 46
28 52
22 76
22 52
17 38
23 48
20 63
15 56
37 50
5 52
42 51
7 19
22 48
37 69
5 34
22 31
42 49
14 49
13 27
9 57
8 69
8 20
30 60
54 66
28 57
28 44
31 61
19 70
24 36
6 45
51 63
30 73
1 37
15 35
20 73
13 64
16 30
4 35
41 53
10 52
6 51
50 51
20 51
3 8
28 49
28 29
32 47
62 70
35 73
20 43
8 69
1 20
19 31
20 71
42 69
34 55
30 66
21 59
18 43
42 69
66 75
5 59
23 70
25 73
30 58
26 63
50 60
55 73
12 19
1 20
25 73
29 52
18 44
17 46
56 58
9 36
19 47
52 73
1 68
49 53
16 60
31 50
27 32
5 52
15 68
100 100
13 27
4 80
18 35
15 76
19 72
29 41
23 33
3 74
38 59
22 62
33 95
5 47
2 36
32 44
25 99
25 93
66 84
49 91
8 71
46 86
53 88
41 85
18 55
16 29
49 76
56 88
88 96
12 58
2 96
9 15
1 39
24 75
32 84
62 73
2 9
76 86
59 68
13 70
62 93
1 86
23 23
72 80
22 27
27 28
61 73
95 98
8 62
20 32
10 42
25 28
31 73
33 98
8 59
63 98
67 77
46 89
17 49
3 73
10 12
37 58
18 25
33 58
65 93
30 59
75 94
11 35
11 30
14 57
53 73
8 64
63 67
33 43
45 85
52 81
82 87
31 36
62 84
9 14
35 88
33 43
9 44
55 88
7 18
7 10
37 61
11 19
69 96
4 60
63 98
25 55
44 45
42 61
13 37
8 8
46 66
56 80
21 26
4 43
22 70
22 42
100 100
22 70
38 97
77 85
34 75
25 30
8 17
44 59
54 82
5 52
37 47
44 89
38 76
22 89
67 69
97 98
10 66
23 95
57 96
7 34
25 65
86 99
14 64
3 58
2 23
73 96
74 80
10 28
40 72
53 62
72 79
7 84
2 71
21 74
67 85
62 84
1 97
41 99
44 78
47 52
18 62
36 79
40 72
28 65
55 78
40 76
46 98
30 59
45 94
28 41
11 94
42 50
7 12
1 72
67 85
22 70
58 59
19 98
54 89
37 76
16 45
9 56
68 76
46 78
13 66
11 28
54 68
34 81
37 88
9 42
75 83
65 92
4 82
75 90
68 91
4 85
5 94
32 44
48 48
5 18
14 83
34 86
30 36
21 72
35 37
47 55
86 95
20 55
11 66
44 98
27 58
45 100
26 78
55 79
20 89
30 84
50 71
69 77
44 100
16 80
5 92
100 100
51 62
5 61
38 75
10 75
26 52
49 60
39 70
33 52
59 80
7 35
3 40
67 84
61 70
81 86
31 89
65 87
9 25
5 70
1 39
22 59
44 49
19 28
3 25
14 15
12 42
7 76
65 82
9 56
23 37
22 98
7 86
58 82
4 33
53 95
3 9
38 63
5 39
27 93
59 69
36 49
1 88
40 85
25 78
7 14
35 94
47 48
21 76
4 8
1 81
31 62
8 92
49 77
19 26
28 44
71 90
17 41
32 82
37 43
20 82
28 92
3 46
21 31
9 33
25 67
5 72
21 50
72 92
45 49
11 16
38 95
24 52
18 61
49 51
36 64
48 51
8 80
2 21
11 17
40 75
30 99
62 85
20 97
33 78
50 67
13 85
28 95
50 56
87 92
53 60
13 56
6 67
16 35
35 96
6 47
2 22
49 73
21 22
26 41
64 71
37 51
