100
2
0.2500 0.5000 0.5000 0.2500
3
0.0000 0.0000 0.0000 0.0009 0.0013 0.1776
1
1.0000 0.1234
2
0.1773 0.7037 0.3921 0.0183
4
0.6752 0.4397 0.0809 0.9261 0.7643 0.9597 0.8459 0.9030
4
0.3115 0.4443 0.3141 0.6925 0.6215 0.4230 0.5214 0.7879
4
0.6703 0.7748 0.9773 0.4065 0.5305 0.9836 0.1433 0.2501
3
0.8225 0.9820 0.4080 0.6225 0.3263 0.4378
2
0.0004 0.0001 0.0002 0.0003
4
0.0149 0.0497 0.6488 0.8660 0.5100 0.7587 0.4173 0.0184
4
0.4906 0.4635 0.9505 0.7487 0.9532 0.0284 0.0122 0.7842
4
0.5377 0.0870 0.8385 0.1428 0.3306 0.8040 0.2621 0.5055
4
0.6669 0.1527 0.7877 0.5081 0.3560 0.0870 0.3045 0.6361
3
0.2490 0.3842 0.6707 0.9446 0.9362 0.3786
4
0.3868 0.0250 0.9473 0.6314 0.6648 0.2542 0.9034 0.2768
2
0.0000 0.0027 0.7292 0.9230
3
0.2647 0.4773 0.9233 0.0447 0.6550 0.4168
2
0.5000 0.4999 0.5000 0.4999
2
0.5000 0.5001 0.4999 0.5002
2
0.5546 0.4610 0.4404 0.2261
4
0.0800 0.3522 0.3933 0.7633 0.0889 0.9055 0.3253 0.9064
4
0.7193 0.7333 0.4402 0.3982 0.6478 0.6392 0.7061 0.1249
4
0.5113 0.1015 0.4740 0.8159 0.5740 0.1877 0.9904 0.0212
4
0.4234 0.5906 0.6624 0.5721 0.4999 0.3311 0.7455 0.4821
4
0.5419 0.9444 0.5245 0.9655 0.6366 0.1135 0.0010 0.0776
4
0.9810 0.9810 0.9810 0.9810 0.9810 0.9810 0.9810 0.9810
4
0.4997 0.4998 0.4996 0.4996 0.4999 0.4999 0.4997 0.4998
4
0.3442 0.2587 0.5282 0.4493 0.3534 0.1768 0.2022 0.1573
4
0.4764 0.3858 0.7809 0.7786 0.1167 0.2878 0.0180 0.9190
4
1.0000 1.0000 1.0000 1.0000 0.0000 1.0000 0.0000 0.0000
4
0.4996 0.5001 0.4998 0.4997 0.5000 1.0000 0.5002 0.4999
2
0.3209 0.3449 0.2873 0.0794
2
0.5000 0.4999 0.5001 0.5000
4
0.4003 0.4002 0.3997 0.4004 0.4001 0.3996 0.3998 0.3999
2
0.6217 0.1186 0.4713 0.7794
3
0.5338 0.0472 0.1081 0.3996 0.5999 0.2180
4
0.2531 0.8851 0.4978 0.3106 0.8522 0.5499 0.0078 0.1983
4
0.0314 0.5843 0.9361 0.7611 0.0892 0.8185 0.7236 0.7924
4
0.0001 0.0001 0.0001 0.0001 0.0001 0.0001 0.0001 0.0001
4
0.2902 0.2427 0.4277 0.7009 0.1119 0.7283 0.3577 0.7684
3
0.6308 0.5625 0.8686 0.1353 0.4653 0.9370
4
0.4998 0.5002 0.5001 0.0000 0.4999 0.4996 0.5000 0.4997
4
0.3222 0.9984 0.7482 0.3572 0.4990 0.9466 0.8678 0.1984
4
0.2367 0.4174 0.2186 0.8121 0.8449 0.7691 0.4388 0.0313
4
0.6899 0.4043 0.2859 0.4329 0.9041 0.6313 0.0322 0.6185
2
0.4372 0.0643 0.6800 0.1268
2
0.3930 0.2896 0.0296 0.1229
4
0.3999 0.4003 0.4003 0.4002 0.3995 0.4004 0.4004 0.4002
4
0.9113 0.9274 0.1812 0.9808 0.4120 0.4066 0.5341 0.3843
4
0.7604 0.1708 0.9091 0.4527 0.0991 0.5721 0.8939 0.9277
4
0.4099 0.2722 0.5439 0.2020 0.5708 0.7999 0.7161 0.3551
2
0.9999 0.9999 1.0000 1.0000
3
0.8979 0.1658 0.1746 0.4647 0.8027 0.7763
2
0.3386 0.7392 0.6605 0.9440
3
0.5885 0.8495 0.3564 0.5954 0.6361 0.7727
4
0.4000 0.5000 0.4000 0.5000 0.4000 0.6000 0.6000 0.6000
4
0.0007 0.0007 0.0007 0.0007 0.0007 0.0007 0.0007 0.0007
4
0.4005 0.3999 0.4002 0.4005 0.4001 0.4001 0.3997 0.4001
3
0.2916 0.0586 0.6845 0.3722 0.7171 0.2601
2
0.6618 0.9732 0.5403 0.6564
3
0.4908 0.3764 0.6504 0.0910 0.4828 0.2583
4
0.3989 0.3989 0.3989 0.3989 0.3989 0.3989 0.3989 0.3989
4
0.6545 0.9378 0.9642 0.4707 0.4991 0.9137 0.6053 0.3982
1
0.0000 0.0000
3
0.2413 0.7105 0.5397 0.3835 0.5758 0.7990
4
0.8760 0.9674 0.0360 0.4278 0.0877 0.2456 0.7490 0.6400
2
0.0000 0.5000 0.5000 1.0000
3
0.0041 0.3166 0.0020 0.1255 0.4763 0.5903
1
1.0000 1.0000
1
0.0000 1.0000
4
0.3997 0.4002 0.3995 0.4005 0.3996 0.3995 0.4005 0.4000
1
0.1234 0.9876
3
0.6898 0.9051 0.7017 0.8407 0.0087 0.0521
4
0.4001 0.3999 0.3996 0.4002 0.3996 0.3999 0.4004 0.4003
2
1.0000 0.9999 0.9997 0.9998
3
0.0157 0.0366 0.1159 0.9211 0.7491 0.4862
3
0.0727 0.5773 0.7476 0.2782 0.8355 0.0321
4
0.1533 0.2642 0.2726 0.7886 0.1192 0.4376 0.7945 0.7246
4
0.5904 0.2475 0.5151 0.0086 0.7279 0.2159 0.0801 0.9534
3
0.8452 0.5414 0.9514 0.4142 0.8108 0.0810
2
0.1760 0.5372 0.8384 0.0083
4
0.1000 0.7000 0.6000 0.4000 0.3000 1.0000 0.5000 0.2000
4
0.9716 0.0519 0.3250 0.9488 0.6588 0.4253 0.3877 0.6006
4
0.1528 0.1762 0.5281 0.4387 0.5442 0.3990 0.3213 0.0768
2
0.1335 0.1845 0.5813 0.9965
3
0.7606 0.1814 0.0462 0.5592 0.5708 0.5428
4
0.6506 0.7522 0.3645 0.2995 0.3387 0.3481 0.9932 0.5323
3
0.0216 0.6050 0.6088 0.4242 0.0315 0.6276
4
0.2485 0.0869 0.8873 0.7841 0.1332 0.1735 0.9257 0.0179
3
0.3450 0.3371 0.1590 0.5871 0.9208 0.1916
2
0.4963 0.3325 0.5276 0.1663
4
0.6141 0.8868 0.2183 0.8564 0.4855 0.6047 0.0894 0.5648
2
1.0000 1.0000 0.9999 1.0000
3
0.0097 0.4414 0.4626 0.9489 0.6566 0.7089
4
0.4997 0.5001 0.5003 0.5002 0.5000 0.4996 0.4998 0.4999
2
0.9236 0.4865 0.5313 0.1619
4
0.0000 1.0000 1.0000 1.0000 0.0000 0.0000 0.0000 1.0000
4
0.9380 0.7493 0.9929 0.5340 0.6418 0.5484 0.5883 0.0913
4
0.4444 0.3333 0.5556 0.2222 0.1111 0.8889 0.7778 0.6667
4
0.5000 0.6000 0.7000 0.4000 0.1000 0.2000 0.3000 0.0000
